8
400
235
216
443
13
149
402
318
418
403
269
212
256
222
410
145
479
468
19
510
219
129
32
80
372
132
275
422
89
492
330
65
486
155
30
82
187
217
36
458
37
284
196
101
128
94
121
140
60
190
395
328
163
195
40
210
314
420
138
263
317
164
399
98
364
108
467
20
57
197
488
213
484
511
384
151
290
159
95
59
332
440
325
411
260
413
453
206
417
394
371
26
104
234
500
160
357
496
193
254
365
157
207
490
450
238
421
22
327
83
87
131
223
499
162
478
125
387
5
292
505
204
257
46
201
52
316
437
369
431
368
380
33
154
100
172
136
482
388
335
358
503
170
48
416
273
97
194
375
373
463
127
370
11
205
51
274
208
287
258
248
447
382
244
64
267
118
279
29
93
67
476
396
211
85
401
301
276
504
333
141
407
16
226
15
283
182
70
446
315
81
221
135
473
41
340
294
18
347
79
200
169
189
454
457
464
508
481
345
168
285
480
25
229
236
356
142
199
214
436
449
381
293
397
419
389
180
27
24
281
91
175
88
84
433
398
113
111
134
130
336
423
323
250
75
184
239
338
241
1
173
17
303
47
426
252
288
362
71
107
425
506
266
300
115
444
49
361
55
460
39
355
50
106
491
305
367
62
350
415
92
459
471
232
153
53
68
351
289
139
497
177
126
247
278
185
339
304
174
462
451
2
112
360
329
501
137
507
10
441
243
178
320
237
342
144
109
429
233
312
42
439
171
286
203
198
277
188
466
406
73
502
343
455
270
432
181
487
405
408
390
167
299
123
220
114
31
352
186
215
477
191
307
495
353
354
78
383
298
56
475
179
45
296
341
99
489
366
12
249
438
259
119
409
161
253
242
412
218
391
3
202
231
102
261
310
66
378
72
176
133
143
54
7
230
69
424
493
324
297
282
271
35
309
117
321
348
470
38
86
156
148
14
209
379
90
414
43
61
474
319
165
385
393
311
469
428
272
255
147
494
4
442
268
96
122
264
313
334
166
23
472
280
322
295
105
34
110
9
291
58
21
485
28
103
331
63
44
377
308
344
150
116
337
225
363
483
158
228
392
265
262
302
224
240
427
359
152
183
76
306
349
445
326
430
146
6
498
435
386
452
434
346
374
74
404
245
376
251
461
192
120
465
246
227
512
448
77
456
509
124
