77
146
746
331
417
297
13
166
229
773
133
637
632
881
459
17
218
903
474
475
67
1014
329
933
976
379
941
487
497
665
628
4
990
854
614
287
929
940
162
975
235
710
608
29
24
415
511
86
607
503
362
286
386
806
855
498
923
52
275
1021
201
89
257
124
635
542
196
774
215
978
411
113
875
664
282
925
508
312
212
305
791
291
711
721
135
816
538
922
591
781
570
723
949
292
195
540
567
580
992
289
456
911
839
768
602
204
825
244
480
541
6
907
298
482
413
319
739
1007
96
863
406
38
198
819
611
633
938
812
887
375
310
993
22
250
534
11
491
708
908
70
787
10
592
996
443
441
481
123
303
265
672
446
606
715
3
25
679
273
859
128
699
434
794
106
9
613
892
932
152
948
258
578
243
553
364
223
485
748
648
342
667
564
760
879
460
559
953
902
786
395
510
657
569
433
165
656
670
837
385
59
958
928
236
366
692
80
278
756
691
722
947
824
37
943
457
125
181
851
301
105
462
890
473
90
766
478
601
533
999
151
424
202
560
885
214
384
689
593
78
726
231
167
1017
48
2
141
397
827
380
900
830
164
219
698
800
604
751
118
262
16
87
389
21
905
909
75
693
687
621
163
85
205
986
937
255
60
122
797
280
464
659
735
43
53
634
1022
662
650
826
742
835
344
56
780
345
387
437
112
513
727
730
562
700
595
509
76
828
681
183
555
12
532
910
32
845
371
831
983
517
676
7
388
558
810
1015
81
213
557
666
624
266
42
619
660
358
959
477
154
639
823
584
97
357
651
745
636
860
304
343
350
598
876
954
448
804
550
785
1024
841
961
168
504
1002
809
901
701
224
551
758
980
920
468
55
1020
811
832
465
717
420
36
259
658
968
661
587
872
20
918
490
449
40
369
755
363
912
1011
267
871
988
184
568
1001
654
970
290
991
374
629
33
1013
412
971
793
131
736
546
984
209
142
296
579
116
372
1006
963
108
590
522
230
95
750
324
471
714
802
539
211
582
566
349
741
261
488
83
952
121
92
898
438
981
306
798
354
618
170
966
1004
281
870
957
641
861
849
427
199
688
276
322
677
770
34
246
623
731
392
220
820
716
502
288
814
874
300
450
761
469
985
790
729
260
518
50
104
206
649
494
174
318
139
157
315
270
548
585
882
803
1008
603
237
422
483
777
776
944
493
889
718
638
335
752
868
561
525
646
178
979
523
921
453
49
365
155
44
725
277
367
964
521
994
30
35
419
631
377
439
74
565
926
447
338
951
373
272
356
295
158
47
642
394
772
390
552
995
622
589
612
987
744
309
72
934
520
130
401
216
302
530
391
8
435
393
526
330
451
778
192
407
71
795
767
527
486
347
818
217
647
147
537
197
719
596
454
878
325
61
894
45
88
535
148
207
817
99
556
399
376
194
919
706
252
675
813
605
466
547
432
671
989
127
172
789
1009
307
652
935
103
185
784
360
759
115
844
160
617
208
396
732
283
782
536
678
669
734
850
19
695
428
950
531
190
69
339
712
931
316
279
221
346
79
227
886
769
144
476
110
852
410
463
865
39
857
594
915
955
311
644
737
655
458
129
516
600
867
914
686
512
15
193
452
974
998
274
426
1000
138
398
945
189
899
404
982
382
461
880
625
673
126
663
383
361
528
256
82
873
285
351
132
467
897
336
140
1
843
1012
402
1010
499
171
997
187
348
554
100
495
864
445
749
337
822
916
847
64
917
967
159
334
821
738
702
740
186
866
620
893
444
965
479
46
896
107
685
895
242
581
248
119
150
421
263
1023
455
101
145
84
733
792
862
320
703
583
98
269
771
576
120
936
543
134
18
340
173
14
836
833
615
352
877
753
245
313
284
906
332
249
470
653
28
960
240
23
156
327
883
728
779
927
381
355
697
489
1005
610
616
65
182
956
609
853
102
27
405
442
484
544
359
788
834
247
801
524
431
626
41
505
840
496
333
707
68
91
838
783
93
293
234
314
341
720
572
73
408
321
977
808
946
842
143
54
149
1019
690
1003
254
549
775
308
684
264
674
26
111
423
709
136
58
1016
323
425
117
680
743
472
5
500
436
180
370
796
353
815
599
429
904
643
924
492
416
241
891
299
63
575
169
747
225
545
942
913
403
233
807
238
973
519
161
114
94
765
586
507
574
713
203
869
884
763
573
239
969
430
176
1018
226
682
846
668
705
440
251
577
515
645
856
848
294
232
31
962
571
764
188
506
630
378
210
228
757
640
368
253
109
704
177
51
930
268
799
317
972
939
597
175
200
888
328
414
563
271
694
683
57
62
805
529
696
514
588
179
754
137
153
400
191
501
409
66
326
762
222
829
418
858
627
724
