127
77
113
81
61
4
251
43
119
160
74
164
53
6
124
26
51
39
94
72
97
88
75
48
16
36
83
195
246
64
189
50
161
248
111
239
128
233
140
122
175
215
207
8
217
22
254
204
34
197
180
63
154
192
190
179
23
196
138
69
19
1
201
213
133
12
58
2
31
78
99
56
67
162
242
82
184
225
237
158
200
185
73
203
172
5
109
163
145
117
21
170
71
235
205
206
107
60
238
178
176
187
135
129
188
106
7
208
11
168
155
173
30
199
79
44
226
220
15
249
38
105
130
186
211
57
102
3
112
232
174
37
98
125
153
121
212
230
114
54
169
66
245
147
120
143
108
141
148
241
96
151
256
234
210
27
250
228
183
171
209
223
252
136
167
42
49
137
182
243
144
181
216
202
166
191
146
123
70
14
41
139
35
93
236
240
32
47
25
20
84
91
159
126
132
177
62
152
80
17
95
103
227
46
231
89
244
214
150
194
156
76
222
104
13
59
219
9
65
115
87
116
90
100
149
86
134
193
55
29
10
101
142
40
85
45
18
52
92
224
33
247
28
218
24
255
165
110
157
118
198
229
68
221
131
253
